1.883586 32
0.000052 2
0.338010 55
0.213813 33
0.570313 1
0.063672 1
0.208064 2
0.067648 53
0.000019 121
0.000008 33
0.000008 24
0.000085 406
0.000012 81
0.000007 24
0.000017 45
0.000010 171
0.000007 47
0.000007 21
0.000017 105
0.000009 44
0.000007 24
0.000008 31
0.000007 46
0.000007 2
0.000012 43
0.000009 136
0.000008 17
0.000007 24
0.000007 24
0.000007 2
0.000016 36
0.000014 130
0.000008 23
0.000007 21
0.000007 24
0.000017 16
0.000008 87
0.000008 77
0.000007 19
0.000007 18
0.000007 26
0.000007 2
0.000012 16
0.000008 57
0.000008 101
0.000007 13
0.000007 10
0.000007 20
0.000016 15
0.000009 75
0.000008 71
0.000007 28
0.000007 41
0.000020 56
0.000009 25
0.000008 87
0.000007 45
0.000422 33
2.315585 6
